200 1999 75 1
4 193 603919819
193 155 162751655
155 198 492692904
198 144 754695294
198 105 139547852
4 168 72480359
155 24 361127287
168 147 629864546
105 20 550096435
24 61 495536737
193 19 569381577
4 75 152082267
147 57 413138023
75 99 798203366
168 37 320485687
20 113 309468715
198 36 435051791
193 62 487950398
37 112 546265195
36 89 500735055
168 169 9619262
168 60 211738224
4 58 807511305
112 195 646148989
24 158 442019214
144 161 246437278
4 30 785210354
4 2 315898456
193 17 930731018
17 67 612307553
58 174 112119102
158 42 725396190
158 44 357834260
30 177 158116566
30 64 62248842
99 11 457311013
144 48 214038235
193 123 27533918
30 145 583093205
24 186 384035702
44 140 170603724
147 21 243479378
147 88 67159250
113 68 648107716
11 38 289730358
158 16 207515479
123 7 638475403
42 22 250345435
37 126 410422739
161 189 873610610
140 159 425759189
17 146 571803238
145 132 425398515
193 124 891498471
68 167 650729390
7 200 353873559
48 181 31410854
126 76 728410172
113 80 362032933
80 98 589536975
193 139 26672854
75 73 237580407
161 160 742619728
7 127 647075427
48 153 22746189
7 107 581578285
177 136 97720873
4 141 154443628
139 133 695587827
133 9 783202395
21 25 335996616
80 190 487207211
167 5 392635192
195 171 682134828
195 188 3387540
68 164 710830280
136 40 65325169
133 114 695482207
153 125 736381660
68 128 38264419
11 192 52890968
58 135 443620838
126 78 503220215
126 165 679524445
124 35 883841892
25 166 501651121
21 18 817631639
158 172 627109394
126 53 779264604
192 6 770253461
112 182 919198657
125 109 97268842
140 33 58719164
67 15 34766734
186 84 221467342
133 196 86397111
113 102 674387774
192 43 232474844
44 81 915584180
135 119 716342971
84 178 230014236
192 50 882686068
17 29 214197511
190 116 564313477
114 118 752218480
123 138 216490363
18 183 215071581
138 130 485419067
159 110 242283927
2 45 23379435
196 14 715905901
22 63 887172780
124 85 83085427
169 8 138224146
40 115 560947914
110 82 542796042
164 185 972911585
88 122 7582298
122 96 199877844
145 27 948950694
35 108 485136871
9 90 276769329
50 69 406908443
30 86 864432544
61 175 72578276
118 163 658544616
114 173 997737911
135 74 491446435
2 41 41400146
4 150 40157011
86 34 826724777
29 120 785536580
126 162 806609185
99 154 314072839
36 49 995079354
167 28 733891677
120 104 618350269
30 97 472665208
175 83 409844942
145 87 888088110
98 103 414457540
147 149 673703501
38 65 8375609
74 31 899857963
167 92 224903988
50 199 528988789
19 93 617583487
103 111 975970373
192 46 507383614
165 66 161887916
68 137 423916422
83 47 875813572
92 184 170052888
195 151 829965520
30 179 849060653
168 180 219495884
125 12 121817111
154 100 242435242
103 23 882332161
37 129 648050349
66 39 685940788
192 56 761854400
130 95 740285032
16 72 665250223
107 55 479397337
69 157 539217317
165 121 580640335
23 101 271165490
45 71 81256102
151 10 754242756
6 191 512672891
93 187 58036683
199 70 614506530
162 26 164762298
185 131 785775235
167 170 757402386
96 94 379128830
119 77 750050394
67 152 483673141
6 59 703911419
109 1 706967439
68 52 183835943
26 106 387138785
160 194 858556507
111 197 217675203
44 134 151879757
24 142 33489125
145 3 386017549
166 32 562875135
153 148 207929932
163 51 128298169
32 143 200338881
56 176 610961336
148 79 908967217
143 156 464323293
172 117 872221817
98 91 28817504
108 54 301190578
20 13 766337859
10 143 899710341
53 65 673482196
57 73 788269036
69 85 600958771
153 187 696129190
120 138 591590216
133 199 137944381
7 133 89848767
41 197 331749433
95 150 885047990
18 186 395421997
110 169 788341290
114 172 904425898
41 166 957137893
69 75 764853289
20 35 565454545
130 195 826264344
76 189 342604501
42 155 784590153
34 144 13093976
127 187 758881797
109 196 28118653
25 191 629669589
15 142 549183828
41 109 833026606
1 190 894816028
99 165 75507655
96 137 978755127
68 175 667114883
41 70 413703923
67 139 163652184
22 88 112299515
48 54 921061712
35 62 7167114
64 97 487131724
13 109 873927199
47 82 730045267
55 178 759164478
54 171 232141035
72 180 669401498
27 116 318226868
46 70 49216857
96 130 425921382
2 96 775497496
136 149 385195672
54 100 194552240
27 79 279570281
106 134 301496063
17 108 855030997
145 198 958458572
105 106 233049649
52 103 693519677
87 158 218117386
58 66 398137509
85 155 437418238
11 79 91207781
161 190 232027255
52 98 679206162
92 151 47007750
113 122 82187154
134 159 469667051
70 91 146041659
100 160 690599945
154 190 988007213
40 95 810659654
139 198 4554258
2 173 876689336
28 193 208549267
142 187 599634686
53 67 756055176
38 100 582176010
5 170 149372984
6 97 935542249
107 183 83483675
132 146 328380602
103 191 260699982
38 89 344353114
66 107 615048156
77 126 69616819
58 126 320117156
75 177 979407416
48 171 320029903
39 183 879389233
7 65 557813331
48 115 549378324
21 58 185976996
47 161 283837152
23 35 38963294
53 195 283385110
56 74 146964660
19 177 887585940
93 173 46058753
120 165 275208174
140 185 728415474
147 173 160560211
118 130 650576083
16 197 293506715
170 176 890995340
140 152 834793289
101 146 394303971
22 98 415973501
44 154 954883222
110 157 741638907
121 158 285548099
43 95 188783992
85 177 520722702
73 198 205471813
102 166 388601761
3 78 377667757
28 93 670808969
23 24 502549430
75 157 80127858
31 71 356593983
160 176 983858054
47 127 745329447
49 110 726401952
73 84 146574958
38 78 724014740
106 137 656678249
67 195 802874911
109 116 124711580
25 48 43739548
21 179 615559171
42 94 768141946
43 137 143583798
21 162 395814162
66 170 465703015
59 173 978362080
69 172 348520431
33 60 36999026
20 130 372111866
51 183 411445479
108 196 29085950
16 183 338767723
149 178 3557854
169 188 161087702
95 141 738181726
22 120 283676948
31 49 421547078
64 191 261229839
16 191 493217848
158 160 204981656
45 52 68652317
140 173 496122919
25 46 670499176
15 100 816546129
5 124 659276545
2 187 539703266
52 65 199875607
2 59 275163789
25 54 709677621
59 182 337446943
49 164 193445929
86 126 739199677
55 109 309575589
68 131 350352526
49 52 61922360
63 192 550273699
41 55 274787023
138 144 280623134
91 138 15280258
144 183 739818432
98 196 454926168
51 131 862975395
175 182 807198957
20 179 123145427
50 56 475178999
15 173 83196444
36 181 497251538
192 200 146668129
57 136 819359383
11 143 886880343
144 158 295563746
90 121 251278000
75 121 867635011
93 157 794894108
35 42 922840641
66 81 336808437
31 64 946397843
28 38 976793009
184 185 612538647
45 89 893853925
73 131 760186734
24 187 835212850
37 90 684450273
109 130 668510619
46 191 159144182
7 89 769704597
18 68 258228526
59 128 320066932
127 147 637763323
119 152 213308257
3 65 280198751
4 98 59485470
68 180 934918844
20 33 899891439
78 153 837436042
19 103 220329026
95 117 573436667
1 16 389426449
26 152 456604137
48 83 15987975
45 97 833960375
28 158 23866439
94 95 522748109
47 116 858703319
44 90 872612576
146 161 252736134
1 77 684751330
45 161 766452710
95 184 833797761
12 83 478404216
87 119 337674398
54 97 748511807
58 107 884409236
158 162 768337213
24 198 231512315
86 97 549415198
153 170 844857865
13 90 967697873
22 97 598701681
13 126 397212156
39 99 816302463
74 126 506885808
19 157 290987824
101 145 422001661
14 75 685641556
14 197 335821930
38 66 832926329
9 56 216240679
29 198 241120735
102 153 638483040
18 70 391123308
62 195 450166752
39 123 956779929
121 127 551971718
18 24 906420569
77 86 617629205
153 162 748076212
81 149 142735120
5 12 760362083
56 122 880139854
81 97 617577199
122 138 788310022
67 192 536543099
108 183 923593395
161 165 142469473
59 119 830558042
82 93 126458773
43 118 812670311
74 100 299434323
55 96 421660609
116 188 986006443
77 99 786709833
31 112 84669810
121 168 504854476
51 117 592003456
25 164 93855802
168 194 51517491
38 189 978935432
31 110 461093127
19 179 759354121
71 172 644374442
17 58 530376538
111 145 961866112
46 173 586413883
25 195 653731920
32 83 839296592
37 59 119200447
81 146 148780984
111 131 734930138
46 103 650554713
17 163 207137191
98 182 532871913
76 105 110920208
70 191 409982918
64 112 918918638
23 116 402427678
9 109 912062050
19 159 242133724
49 90 866653338
63 112 729577285
5 46 141159849
22 103 551493870
98 134 142219937
75 156 151416968
14 24 18558404
159 177 385600668
31 56 65011997
115 156 389533769
49 143 277868037
17 50 371834020
26 173 240363122
56 89 920543277
16 32 5118608
59 118 950130324
5 108 200843958
55 123 260153430
36 39 445386193
8 165 30786603
8 77 418542019
149 172 55876912
11 152 254464880
16 60 160587522
76 138 888020559
41 112 138228788
52 83 235567487
132 187 701311762
67 100 732012658
75 183 326585216
27 165 292415583
18 81 223554825
107 126 654564971
45 186 536174432
31 145 741735590
70 85 784007939
104 119 488137690
53 125 89864144
2 181 114052635
82 117 900505651
44 192 509536329
73 109 850432527
97 138 989338751
23 100 914612114
13 189 827732673
147 179 888123169
75 131 543036006
161 198 626943458
57 101 286965229
67 138 481512852
134 146 813771092
156 162 456127907
45 85 979304641
96 152 984480254
8 50 437560309
3 32 919192502
101 136 358978265
108 184 106402050
11 162 281814342
59 186 18088237
1 75 962812655
57 105 295768893
102 185 222546823
77 177 163517522
76 185 717294949
30 67 443293635
73 77 755256
26 127 741022673
54 120 546883224
13 133 516662699
41 79 98110294
122 125 396213788
9 116 281641541
37 79 810437302
11 56 840557945
8 121 292247964
78 180 689371527
18 89 891395411
70 151 170194128
76 175 752177069
27 137 959068122
27 63 955973253
55 142 556852479
132 169 666718241
11 133 130918096
34 107 587242348
167 173 198433543
68 170 316325204
46 63 51856537
82 157 132381700
103 170 24546524
55 86 4484580
67 189 651193565
23 121 184146376
48 80 615948398
122 193 830395438
59 107 867810760
29 171 910572747
131 151 209663487
127 197 773354326
113 186 159766385
135 157 76979026
46 187 381910347
12 197 272350454
10 176 695421689
35 160 111726161
23 145 747160122
156 183 544877091
58 113 220567410
41 90 800531722
34 111 635892078
109 166 476240783
34 197 296841848
4 179 360475379
88 95 796449130
137 175 102488981
78 82 283109358
79 180 722074880
53 131 828478658
42 192 376466129
88 161 632374656
91 195 916403724
84 103 289643358
18 158 791893472
73 153 395037754
108 175 189952636
190 196 228486779
149 190 953006368
166 175 589218042
164 188 336571501
35 89 714824484
72 145 648789165
7 104 819580914
107 163 990288859
9 96 714494287
166 181 574770051
47 152 989318243
115 147 465120166
56 86 166922519
7 158 756662441
33 42 528888858
3 90 972265332
153 175 82806032
148 193 202304157
81 107 438324541
81 161 820102210
69 121 911849066
56 67 85221274
10 39 839646652
70 111 929855277
124 181 137322363
130 156 761715843
23 182 645196119
4 104 431214526
81 116 526784449
15 163 768288496
19 186 336694344
38 119 52890108
75 101 127681694
55 92 858410027
1 148 316772864
1 64 148058109
37 39 804439973
66 111 889213075
45 95 718334511
70 162 285862039
99 192 783594356
22 73 843436549
141 190 947168174
186 198 648751880
104 199 401960477
7 34 189269852
99 103 828180787
69 184 883763500
38 136 552361630
34 102 127637090
139 173 759079652
39 197 483134986
80 88 228395990
44 124 318507320
1 37 673101677
63 109 926147867
94 191 857664730
38 142 243412285
24 178 782315291
57 71 937685500
40 122 843949039
42 82 834058400
2 144 142881898
121 197 229736390
37 65 551229182
52 92 352048582
85 161 550899368
11 141 366002072
169 185 99616996
159 186 508971272
84 133 243729282
119 149 820396416
24 139 806446691
31 146 676841894
1 193 531188598
97 163 474009549
89 106 602503355
35 157 1276733
120 191 844393591
106 183 172849207
98 150 324502438
86 134 943043178
43 171 495321391
8 47 930128557
62 160 663686219
62 154 922163869
49 73 516918620
87 183 935452150
168 196 227168912
37 190 330848044
5 141 400399509
54 190 26892768
135 151 179980532
56 194 50818614
20 118 309716910
97 114 724233359
94 110 414687833
150 155 697278920
32 33 729999394
27 132 80679329
72 163 736026404
39 186 343637539
73 140 88154233
38 49 759460
84 98 362965815
117 131 332101816
44 188 202872731
54 99 895181370
36 168 526729643
40 157 640356746
66 184 439982504
13 127 914540671
44 94 191187654
107 189 103813923
107 135 798605644
37 184 885681393
93 191 732209540
22 59 492813345
120 160 179752838
1 158 703171863
54 64 449848474
21 62 854338556
131 141 967766485
77 127 296102904
91 163 80352847
13 69 179083402
65 75 391305036
93 140 652369823
78 181 755614155
80 84 559036205
120 183 585356891
70 137 871289911
7 191 501079141
62 130 781558910
47 131 595639970
48 120 767821955
33 94 601411760
22 107 74166537
122 139 203743355
24 111 414345648
52 135 362832757
123 198 670721306
5 40 475733926
18 172 423329592
130 160 78528622
4 178 42360187
4 181 295639084
30 116 395533957
1 83 783496236
22 184 355285465
77 195 198714357
52 90 384100528
147 167 111005378
111 182 381804519
112 132 561942833
26 112 527530237
7 118 721259015
2 3 539916060
22 87 389210987
120 122 443791430
101 175 736393213
30 164 840861272
57 156 841015367
57 178 5038361
49 169 270786730
92 129 597485501
142 155 412306412
43 185 476249219
3 69 524991203
24 172 373010783
80 121 25681154
59 123 194604812
45 61 312616387
144 172 821904411
150 170 876719895
105 145 386584037
43 195 491707849
65 168 552112912
41 136 63364704
9 174 580198656
62 170 741279212
40 146 844366341
1 194 722488718
8 29 884657504
64 110 528576888
41 58 661374388
173 189 392178995
120 121 912422148
148 155 421319401
88 103 749528765
76 93 566552617
65 67 521752117
131 182 117943912
27 62 723333822
132 157 434356147
140 171 713022454
11 106 682560487
19 68 511172099
36 91 426499905
162 183 840888110
88 166 475835362
31 143 83807944
77 192 399650700
151 165 303718185
55 101 68505752
88 114 684042307
45 139 467762968
78 80 514442870
118 148 435039586
19 109 345141144
29 110 651368589
66 192 138787807
109 135 22953247
44 117 899497363
130 181 244097392
149 154 532554581
3 152 52505083
43 85 629318864
51 138 500357327
150 166 381113287
34 195 35292286
21 85 370100425
41 50 557367197
38 52 386543388
106 142 191507393
29 193 869143668
122 180 625769404
82 146 744928984
75 199 455672671
136 158 191657778
30 173 469533651
20 47 713503193
118 132 639933719
65 144 192114420
93 130 399720248
40 133 134895270
3 94 803636751
106 184 470894634
67 143 396453239
167 195 939997307
52 199 856431703
73 191 241286982
10 48 284151813
83 187 541848925
110 125 623539032
4 198 88187348
64 168 559136954
11 134 231774616
11 77 610349034
41 96 764026172
18 73 3220922
25 34 705031065
52 59 944974535
63 75 970897821
52 116 102521290
59 196 867339884
77 158 231783286
26 125 911763173
99 136 928861343
50 165 673169005
104 130 38124894
19 144 883274102
149 166 297857419
53 129 63140128
39 112 117995495
76 163 117136529
51 73 948724502
28 191 839148997
131 153 817232944
9 167 518937871
64 199 364295914
33 160 685182641
3 181 146227986
58 186 861407753
18 116 477538752
17 195 654992393
29 54 672594073
71 85 632964248
19 73 99897519
37 42 571117930
42 107 869350957
56 155 919072108
48 62 466570431
53 97 95294770
36 72 716496086
14 170 138511706
6 66 221532983
10 13 441030639
115 173 93242613
34 75 27763396
87 138 399801010
45 54 177167771
19 134 905386725
17 61 919294633
51 162 845510484
134 172 258710887
23 74 268520055
46 184 398210827
30 148 11579023
26 144 509425991
72 181 10287019
95 180 61469072
90 172 571363889
18 113 654471679
119 168 730207197
6 123 778419895
35 49 80201298
41 57 29083114
74 107 321125879
93 165 550280538
44 116 732080378
24 91 291448995
74 172 301155315
132 137 644664457
7 23 165767214
31 138 500653020
17 97 313081579
168 183 51670883
63 147 520749798
50 100 677363613
127 136 653639376
51 90 688717037
25 193 62767358
54 131 523540088
13 67 545486303
95 196 291552342
89 170 414023896
84 144 126973307
85 139 772600292
74 145 881329224
110 111 373530535
69 132 500328910
143 154 196786307
17 194 898541495
11 65 114377336
29 199 163530559
115 172 380549616
8 188 828220101
31 84 253586280
27 181 287764607
76 156 799849142
78 107 655852576
185 198 380155559
44 160 98020384
24 75 735890650
82 163 964074579
30 193 363505442
76 153 556164403
40 105 58285809
18 194 807510581
22 163 182959154
33 200 495781520
23 174 326818394
162 192 572102310
12 67 915883686
26 171 125154769
117 149 90826168
45 111 264022788
50 189 588791755
71 92 734909735
52 178 698974079
4 190 846433566
135 165 140906851
146 166 792845243
50 125 575163698
18 177 838758959
18 28 233384861
42 53 434765907
95 152 267443456
46 110 349866151
78 90 347443260
32 119 15802850
25 75 541294306
21 77 814065019
137 195 521109487
34 119 552326709
60 197 221270436
91 160 834118615
8 94 371023311
183 192 238584900
97 174 924427848
111 195 618935340
71 86 631138336
30 74 739801340
70 125 746827162
97 136 94620058
59 199 43097858
81 166 190577603
116 122 280031200
90 122 628684525
66 94 555064958
171 192 302943395
22 106 197254548
74 187 142618103
6 17 981084565
91 109 776970293
54 199 893861227
123 163 977396581
7 163 881910043
29 174 921319218
67 87 859488802
66 187 366188127
29 88 454987134
81 110 916354528
108 190 881498244
89 169 305557646
75 176 855807705
30 79 162086612
112 113 76320371
75 106 138125215
68 101 98085908
153 182 878730880
123 166 512581073
188 191 885296115
133 146 908310333
78 104 417340165
47 162 864183063
21 182 313988498
72 196 497664106
4 50 152587720
25 148 558806429
121 157 905779479
11 29 52364055
61 155 703014277
3 141 261545171
3 112 910431862
44 171 257379314
22 175 606123022
29 92 319987083
18 27 583921803
66 191 761915281
17 121 690780822
164 194 138740706
104 151 861471913
62 200 129938239
182 196 367504830
60 157 67088745
91 136 214035458
170 191 46885289
92 103 547339392
65 109 101760966
38 171 19368421
23 200 171246006
188 193 965918312
159 165 595565226
4 138 768239839
12 162 603980085
11 122 989619686
73 164 95250618
106 125 23564389
40 197 591798263
85 143 30754708
34 112 422434213
94 143 772711203
93 164 157129295
70 118 315028607
91 151 933494359
17 139 476419907
126 154 575115698
105 134 477190856
94 153 645123842
94 190 866017491
39 51 676158378
113 123 305922316
35 72 228443422
131 161 596448778
79 154 168421765
92 186 513906684
31 172 929970768
19 166 74011928
160 165 751041146
33 145 662769014
132 195 103057561
125 148 874676344
123 155 961570099
58 104 963611276
23 190 390389143
67 113 6071262
47 74 191581300
161 166 505797640
18 144 834225402
25 151 203962806
74 146 353769583
96 143 444528719
23 79 518309723
150 178 467512346
112 154 873199954
155 194 775176045
44 193 793330480
85 126 75203507
84 116 975180178
104 178 349842821
27 61 231325343
55 169 48975618
121 143 506365747
74 133 731244830
25 82 398623654
91 111 11713672
124 183 848846949
146 183 190273952
125 188 839129863
17 123 137124319
96 110 487229580
41 114 920595350
155 199 557304484
2 79 845565495
123 143 434413752
79 111 388102168
71 109 278865300
121 193 866587658
152 199 978447179
37 189 735658922
48 192 299806958
7 58 495146110
36 48 848986641
4 155 538189369
20 24 244127650
45 160 999286293
38 62 278876173
73 89 399218516
172 193 427830571
153 166 672840525
92 136 789359833
10 49 579828804
8 46 399501103
127 181 888881960
35 151 450202054
128 156 2568039
8 132 259928459
2 131 265918323
23 38 485812458
9 103 387982474
21 168 98153048
45 174 128571724
92 157 441272316
47 149 305548105
8 73 430294934
119 181 361453378
42 180 997204001
165 184 418336095
82 190 420391444
35 114 869132159
18 26 295060989
49 191 32029684
64 99 331017157
79 83 635973759
58 143 380354045
19 58 675908395
32 149 60869940
7 112 82140561
112 169 816465852
104 187 877451896
101 134 192465560
185 190 977458801
42 186 762123449
78 170 132560650
1 42 244408883
69 173 903270152
76 165 696044983
3 41 163075977
55 58 474066310
30 114 104568945
168 182 288363534
21 40 823229202
61 178 416638116
67 134 538882024
112 133 365626503
67 162 113087861
158 171 137576543
45 171 252073138
2 61 789717685
31 194 577754990
112 126 180683775
2 159 319749343
98 108 637320596
82 167 757929357
141 153 639423743
47 56 74926703
15 102 916529869
52 104 351749832
102 160 903859374
3 57 359880388
19 82 351797882
103 142 406070186
108 123 937569486
158 164 629512107
88 120 278287705
50 97 806002175
69 127 146957516
96 146 204468486
72 142 440398081
3 162 401321552
146 186 746018192
111 191 511927748
126 156 930022976
64 162 902873510
187 189 127987111
127 169 123489126
57 64 552113316
190 199 244655137
10 11 507534349
174 183 432911050
82 134 728584452
65 189 631619434
24 92 296342127
25 112 409716151
22 151 832213448
23 115 288876530
29 130 903828776
20 126 893250742
13 179 95997168
49 134 135579223
145 181 94940400
62 82 576136714
62 128 237976343
26 66 964614495
69 166 909361352
60 142 323710666
81 127 647703557
134 138 32615562
39 57 275033956
133 193 324548477
2 75 330145168
99 125 887442628
141 195 452389566
91 193 136413051
106 148 876704625
4 197 759156753
16 136 668923994
87 185 486914
47 130 576456907
27 76 545732656
49 81 523514776
161 185 128736993
116 193 619694698
5 23 165044633
33 98 620962230
76 91 924629447
138 185 839207813
73 79 846800637
162 194 581970369
56 126 867977161
91 194 277711339
121 184 678199212
157 161 256830700
58 184 827263582
170 188 259957410
43 55 462588560
45 67 195150396
151 197 345807854
107 172 404561313
116 183 922262414
54 157 474002630
33 163 930489542
174 198 445182449
37 192 136226679
26 90 529061715
124 139 189306022
49 181 972043356
15 196 501424455
42 122 202801886
41 65 688691063
30 117 398475416
61 98 470418748
28 82 387007893
9 122 688080959
93 184 896865556
66 78 688842647
4 119 470747948
116 145 506922809
128 199 363422682
117 142 961830584
65 163 101655930
54 109 346075664
73 183 431297552
78 187 900013148
50 120 464736889
31 126 628495309
95 198 553162090
171 182 312713075
42 86 771191162
89 139 756974317
39 169 584781224
7 61 224363684
24 137 848679373
56 103 37048775
41 172 117641067
79 156 200171480
2 169 267878583
1 160 943179708
52 67 265833253
129 181 752751985
35 189 711325997
79 103 6919331
87 114 646826661
40 193 595841269
63 77 213112534
20 30 422690863
51 61 274543553
160 179 843225090
161 176 581041971
90 94 32385273
105 115 566598448
80 116 479125387
80 132 263787660
30 122 5253878
81 195 908870605
106 158 748002238
34 88 681253328
146 163 585159049
136 165 574759216
7 149 19466604
76 145 11954294
97 191 184959451
84 179 120167964
55 182 973414454
19 54 929363053
42 193 921445214
2 178 180960317
42 52 106819258
8 178 819314214
91 113 731505363
150 195 529330979
47 79 416794817
79 134 257587056
41 81 801406600
112 161 16972962
17 138 328149977
65 91 985463000
16 128 795654721
7 121 724143017
109 195 117843639
154 172 303642594
62 123 401118
66 185 160020655
118 162 268125386
3 140 570266573
64 115 613976575
27 122 387623757
78 95 844326594
25 182 574810295
46 122 554701537
52 186 279043689
149 152 896454949
14 45 559747650
117 148 707892948
100 134 494372246
44 170 482262270
71 195 390406108
73 117 76415987
15 134 202575507
39 81 634743503
22 96 817812004
92 196 337880591
20 76 845771144
104 125 869397011
150 156 878385412
8 110 369291461
43 199 765861688
156 159 353765128
43 162 915706688
73 157 333620842
96 181 150773994
61 169 3369895
110 178 147749401
10 140 714425153
45 68 443251387
177 182 502526756
51 94 901519343
64 123 605840735
80 96 820266917
94 158 265126745
20 53 994665219
109 121 107139345
19 151 774209106
43 182 219672287
24 160 854255939
16 99 346220437
92 159 156904419
52 165 703312373
36 47 832782102
45 154 915904709
66 102 306909382
19 136 360705441
120 130 671137220
36 192 211349790
155 157 14464654
91 123 765090864
136 181 110139436
133 194 458804037
68 177 16465649
146 195 971022927
29 57 303206291
20 185 828520220
30 160 744093686
90 116 847847066
24 163 871122919
168 174 783449278
67 155 455691445
92 121 265512465
6 31 501764616
43 88 674291136
50 158 148022503
53 71 90670505
33 198 334036806
44 125 669797189
72 99 160027899
88 109 522897244
168 200 517610215
134 196 426989931
9 39 812985513
3 14 884020775
27 90 693030658
8 155 430116557
170 177 583196808
7 151 215422708
13 174 89654863
152 186 546664433
44 68 336922251
3 10 247371895
2 83 215292358
50 119 98087197
18 46 727170882
84 140 375596269
73 130 541147923
59 106 348530114
55 122 903152091
60 130 484117174
47 188 785835717
48 108 973502531
66 137 297593870
72 91 158246509
101 156 580228510
96 109 581709446
18 85 638202916
84 143 254421807
106 172 515280550
24 82 408422975
82 195 577587794
43 46 802060488
24 105 437000776
130 178 208564542
45 80 919694190
73 86 159101382
6 183 167249941
52 75 801749042
58 80 498257720
39 136 338037155
12 49 373368346
140 188 112717359
95 161 120659532
29 191 405252054
5 136 65165363
13 45 641709842
122 128 312381773
67 144 983711368
87 122 876621298
26 49 459200858
121 150 416582611
43 105 60203194
25 165 770594288
47 163 76136925
47 184 281884118
76 110 877573939
93 137 290721389
15 71 731483248
41 66 816391260
44 131 672964800
51 81 176976987
33 100 5820397
45 130 666687332
9 136 416703847
40 43 776996562
24 116 974646962
67 146 270444779
13 79 109883990
101 119 7648458
22 168 76551971
18 127 383152489
30 121 966776559
32 157 560720890
29 187 226368153
92 152 404125641
28 175 948629456
54 122 572340693
43 65 95874928
87 167 783106573
14 79 680093616
146 176 154262776
93 142 304122700
54 164 378162079
60 117 229352832
66 140 360151329
42 84 117768150
19 115 504446447
4 16 649232194
126 169 723303578
14 125 912746178
63 80 546270943
44 152 455537699
156 187 898712987
45 48 820127192
20 181 674791557
59 77 689631702
81 118 629299695
102 173 892342656
63 184 515084306
62 163 338026823
13 100 524202702
7 30 763222459
120 181 618338695
6 70 412665278
97 190 469451138
53 159 642731049
23 61 528194619
90 199 514856334
93 135 916231758
53 120 228304027
184 187 363249368
22 187 472690548
1 31 509098455
147 153 307421068
76 157 524930090
28 127 773265736
108 159 921452231
11 197 971258865
111 126 900130570
92 125 972646591
98 109 716393502
10 195 601057648
49 179 719783429
71 111 799806663
23 99 363466488
44 136 859201952
35 200 1761929
5 195 924451274
100 125 927740934
32 72 888126747
17 86 975945233
11 53 982734587
36 52 632527673
2 139 347384016
7 125 557053858
123 154 265792412
43 54 297336504
130 187 650853988
39 84 955529401
67 165 988495491
126 197 453205668
26 42 998814841
72 89 267766202
36 105 181359365
33 161 156274148
27 190 704423729
60 141 587340048
72 73 945599576
20 147 279141279
2 125 279449502
47 100 208069241
8 131 566668237
153 157 253721711
26 80 153537414
118 171 301363400
50 130 293031399
45 188 450977282
5 172 360564245
28 172 691950323
180 200 867947588
15 148 794225975
41 178 673306242
48 132 832699835
29 105 286000340
20 82 174711682
176 178 884626868
73 125 733173787
14 178 348730781
48 159 921769162
123 131 210828719
11 124 557668192
72 82 837566024
20 63 54944975
65 160 821338788
105 113 125270897
138 187 649430805
5 160 820734992
5 165 703777970
91 103 654522905
57 110 619796650
138 200 273982834
65 150 551388084
32 153 734001755
1 166 117692528
102 176 322797270
47 165 524357139
41 191 248337510
4 192 32747521
66 126 160661470
24 145 920668527
74 156 270072972
74 191 279223784
2 124 68935609
97 152 924505759
105 137 103039053
119 145 650200510
45 51 421081311
191 193 716320460
62 106 930485170
136 137 573447874
76 177 494912224
70 121 424603815
79 189 551668243
123 151 98734889
108 147 846605082
167 184 679414459
77 131 407794033
24 192 773334654
120 135 411709895
171 179 511862714
4 102 540094519
37 162 401200197
46 121 296328313
122 141 572189623
59 146 129336875
30 139 822171347
64 75 448945288
54 194 211893264
84 156 492559681
70 131 664642263
127 148 368148729
63 110 190413957
114 194 517743400
96 139 281818658
140 195 605030428
50 160 553989309
60 111 939628322
14 70 938727080
28 66 527468137
32 177 458647733
7 194 115742490
27 31 873640330
5 103 885766683
29 142 586792385
71 84 392822325
105 183 515681988
16 198 56928178
185 196 713713503
166 183 247143110
13 165 407166927
29 162 420804753
9 57 523812425
32 131 673705561
58 87 684366338
17 101 268772598
62 172 485251211
23 158 962709865
62 131 362134591
26 91 220724391
32 86 613035079
55 149 534924878
111 198 806095161
94 189 119331943
15 194 314901652
11 178 760379662
22 76 963101331
197 199 432686837
104 158 977729367
4 115 752345999
134 188 930986991
61 71 472268674
91 178 51108577
140 154 322493676
15 86 307907575
28 89 976823159
102 154 928156745
37 116 405061923
15 83 934339358
138 149 675849289
76 112 79249287
9 197 878245718
116 144 512410344
100 113 894177203
178 185 629167529
83 129 953860921
110 130 916385387
27 46 795573598
84 196 114707266
24 28 965319713
128 183 307655907
29 90 612844304
53 152 218496681
10 120 745919011
22 83 406201018
104 122 143170625
102 139 895263900
92 164 190287708
2 33 129467043
97 121 961491008
85 107 393371573
32 118 902457245
24 30 702694060
187 191 34089592
106 140 432904365
35 48 950896276
115 135 842909180
159 172 2187723
109 112 622118734
146 198 611941172
19 171 405722096
81 117 600002008
8 182 168699827
7 122 28148673
78 109 784737667
20 83 828289508
31 137 795057300
99 130 220420532
50 96 116029788
10 50 386599633
44 178 597833599
52 86 555051888
107 170 665877308
61 159 631092233
17 157 630561346
91 159 178041240
23 130 166725830
158 168 89293352
98 194 302149544
21 27 856328226
160 183 792284751
129 138 5572232
57 153 953035072
98 117 863042642
137 158 300448950
4 110 591490378
66 79 992781789
32 195 816389612
195 197 750703017
27 102 622343844
31 169 724963241
153 199 272898638
73 189 472685697
73 101 643352104
102 177 110306036
85 121 702524443
12 13 841963243
34 200 299838679
91 152 764692939
88 136 77630297
62 159 81226715
69 86 485147233
23 134 647427411
20 176 473342407
45 184 572735710
24 169 473197794
183 185 440557693
37 167 139050839
121 148 239202279
152 192 169071080
165 200 270682825
155 169 677437641
6 48 721680922
40 185 779403065
25 175 690699697
59 136 600995735
73 178 28927978
13 58 639815640
53 119 258727726
5 122 411650604
8 127 150975560
142 173 550712172
11 15 71281271
65 110 895970398
46 167 34300278
87 131 415367705
123 179 376886658
119 180 152241258
57 200 400067584
36 50 908761206
55 159 737906818
93 147 819956331
93 171 494771988
94 150 72103572
79 149 847602456
47 168 816620678
110 115 241642020
151 162 554482531
14 109 251037583
34 166 776632486
31 57 565191240
84 123 433185676
62 148 565357996
44 184 858045679
128 173 735909707
27 74 952799636
89 114 355606541
70 80 972263803
122 131 354866074
76 132 315121226
1 112 163978679
37 158 293338607
31 133 363552247
39 191 864092679
29 148 154625936
134 154 899260696
30 66 450168082
37 147 532284198
59 91 482438291
38 196 528576312
39 106 123743838
13 106 359351025
1 78 963838826
28 194 641085181
158 195 373993224
76 94 892627918
1 74 983474763
15 66 239138141
25 130 925844276
65 74 928044492
86 148 500639855
127 140 249703622
155 172 946361199
108 173 359218691
63 127 485347445
40 173 354340890
44 142 231951544
83 124 373980485
35 88 49584766
33 170 915808503
48 105 514540646
82 199 749616035
55 140 968040754
9 95 515715835
136 169 554157636
45 49 180515752
35 78 47652128
80 122 677760078
85 199 830555891
52 94 891453056
2 127 641608167
40 147 912428513
53 163 739460464
93 195 259841692
70 122 856042078
40 128 113272720
61 106 233270855
16 120 113027899
97 158 590210576
110 112 500457509
75 90 796025504
42 138 279483653
17 180 493090456
81 88 327634719
38 139 57272387
113 140 898874417
82 126 683445231
47 158 629167590
74 144 152857708
56 158 933438787
114 116 881521845
112 127 563234647
14 19 886143068
44 87 656653311
124 179 645806764
1 136 651727207
39 158 771257341
122 154 642505135
110 146 445254455
82 91 98828852
115 200 26863612
21 178 265948109
52 154 486259522
82 128 145333270
17 170 415054005
35 96 129679109
118 187 175400247
46 140 623255749
51 72 195969265
110 148 220106123
100 148 844081137
2 156 285607751
74 169 534332002
1 168 358829829
2 97 935197478
59 72 925459178
19 119 619646126
39 74 243270392
67 137 661971573
137 169 149104148
54 172 780425052
54 167 846738838
49 151 724791726
10 137 743728501
28 137 664404551
131 186 815628755
122 135 293550398
46 79 490953534
74 155 934578480
24 184 606701600
19 175 30396051
47 64 56000784
164 191 872530135
98 173 516654489
99 143 255930640
18 118 185741199
39 59 649827347
39 115 640688343
98 183 911815200
130 153 325708779
149 164 635645336
42 118 378872486
80 183 233629827
57 96 360800683
57 188 363079510
14 111 198198303
48 172 511751240
28 84 490122928
82 115 535296087
31 108 935591780
8 158 348718074
46 51 996011637
72 200 359497003
143 190 770387646
68 115 321721255
3 25 761220134
113 147 413968353
4 77 375619707
31 32 636329245
149 193 443012554
96 127 626370356
92 133 511883439
38 77 653386793
126 198 867395916
157 165 133297955
13 88 361869136
77 200 731047553
55 106 437589000
15 182 714476107
48 147 721544915
96 167 492990930
64 175 414217006
85 192 575526598
113 148 529936676
47 182 425119769
177 200 152238634
46 104 436744880
148 170 471257634
2 138 777594087
58 64 185961344
96 153 915606269
12 126 450590738
64 95 31166750
2 12 468229384
175 192 913630792
18 197 995176417
107 114 282676484
93 193 957605887
89 193 111668217
57 74 378124682
94 108 933384447
43 70 447140718
83 154 358507960
16 151 425937951
6 115 372066897
3 191 257203876
157 189 342000595
64 143 636279459
12 175 248795648
68 162 972495745
36 65 882108123
2 174 418095713
24 38 738683946
65 76 235902260
145 156 307043653
46 136 684256822
8 147 926540047
39 104 344170318
66 188 695201261
40 48 34625542
63 187 537035283
6 61 470727769
27 57 782299761
120 195 893847469
101 118 443772120
83 99 331435102
2 53 488568953
61 137 463858280
112 152 280086422
78 136 427613345
49 104 148812927
128 141 686002412
99 123 943568788
7 12 57103381
71 90 846235414
107 154 158038995
13 169 50863581
