50 79 64 1
46 24 834945
24 43 368524
24 48 506414
46 32 642139
46 3 738702
24 9 734399
48 21 911270
48 10 325880
10 42 872803
43 14 8958
48 19 857429
42 25 884575
9 44 640554
43 6 771448
14 38 972489
14 35 705470
6 36 128505
35 23 795630
42 37 999993
37 4 55132
24 41 893216
43 28 335953
44 39 592306
21 1 503387
35 12 115935
28 16 912688
6 45 286295
38 27 184095
28 17 378943
14 33 318640
4 34 689474
4 40 567133
38 29 605896
21 18 789151
1 26 370217
41 8 216071
42 50 704716
18 11 458807
46 5 344712
16 20 482237
29 30 15856
44 22 558483
18 47 971384
44 49 941026
50 15 182124
27 7 847939
17 31 946858
16 2 893316
4 13 545372
8 31 612016
4 33 808834
36 48 672564
19 38 590861
14 40 749550
4 28 483731
39 32 323630
33 34 162033
49 1 813969
10 44 723241
22 32 390323
3 7 21437
21 15 614820
22 4 865699
22 5 366062
16 48 66760
31 44 5205
38 3 537631
23 46 667061
24 37 200990
36 9 232707
20 8 686689
41 27 404568
7 1 602149
20 3 582543
5 48 903273
35 26 582258
12 7 664527
33 28 527424
26 39 932988
