1000 1499 400 1
666 173 7550526
666 923 2152062
666 800 9528824
923 670 5674547
670 704 1460017
800 199 7831518
704 88 5487792
704 55 1989081
923 994 5211623
670 605 6327007
923 492 4800579
800 913 1810468
670 295 9920192
605 900 5147303
173 916 4630219
666 917 2626937
88 423 1996027
900 876 3586137
199 973 5488419
423 593 3532158
923 61 9085260
704 576 5992998
994 591 7160038
876 504 2984005
916 701 8790516
504 562 9468837
913 219 1334784
593 273 6264234
913 2 908507
917 226 9957388
913 334 9431783
55 578 4854042
273 934 8874747
916 487 3846816
704 561 3899949
973 986 2663998
55 869 8047021
226 880 3207692
504 296 8304591
423 48 7891360
876 390 3078983
2 446 8723326
487 355 8938800
704 113 7779236
423 474 7120253
355 283 1021027
88 883 5621004
283 688 4481038
869 679 9442675
492 484 1147842
913 30 3110839
593 329 125934
880 454 621750
334 697 4369572
704 362 9047176
688 631 5126260
986 421 1544725
2 601 6943051
484 537 9163057
474 25 8863237
492 242 2007849
423 982 7016125
504 512 6022218
446 298 2953399
591 588 2059410
601 225 2299760
504 473 9394893
421 160 9155797
492 184 2882365
576 207 4249154
537 327 4438904
986 409 9205816
329 892 6077041
88 292 5016229
48 378 7270128
562 166 7298121
900 734 5936298
446 967 8250725
883 539 6867848
892 904 7570463
923 52 2248468
226 501 7460924
55 237 2251499
704 898 3639518
421 76 8263627
904 322 3135764
512 36 3577209
362 112 376306
504 266 7494987
25 206 1559560
446 832 2310166
876 400 7970451
967 528 5191526
923 536 8461639
199 860 9852794
504 122 1472027
734 46 1304438
679 712 4444604
298 117 730598
474 77 5157833
283 114 2318387
904 4 2128943
52 101 4159802
329 387 9537467
77 804 8905076
876 375 2467837
876 499 5146340
242 316 4730319
421 949 3129481
900 613 2170533
292 514 3641616
994 575 6740744
390 261 2846273
30 5 8676157
892 710 4017540
562 765 1632420
499 767 4664718
880 445 8730729
446 940 3568092
880 124 4371361
283 453 833963
446 776 7970756
487 787 9814702
261 837 2168017
767 368 4507771
578 455 4006866
390 931 1091040
994 41 5556291
329 691 7054459
712 891 5124484
114 722 7727460
539 109 741593
876 584 6658094
697 955 6296776
166 188 843199
225 549 5744624
473 18 2288154
295 796 3332684
688 574 7495339
18 448 2679139
184 340 5519261
316 720 2310615
76 978 1805401
576 866 13420
796 72 9084675
860 156 1157342
934 34 209509
283 358 6253312
501 640 5855709
160 943 5818017
273 915 510372
55 870 549447
25 29 9411590
166 769 3727705
226 509 9407244
837 831 7662555
225 689 4409717
283 86 6268834
767 204 985296
804 730 252621
199 153 4389790
261 344 4593520
504 312 2899811
537 413 9173814
25 839 373892
448 426 1594509
206 736 7460810
591 279 9657219
188 812 6757793
666 373 6729324
536 439 6750559
206 560 5386792
880 19 5360318
292 871 5024529
41 621 9146512
549 136 9142955
860 828 861654
76 936 9153262
688 202 3212720
710 394 880450
812 581 1279396
296 209 8400410
986 657 7992610
605 654 2150277
29 277 2324946
504 348 9244075
387 763 6338501
355 130 3892449
883 538 7554032
934 977 2405758
122 908 2329007
292 821 8267232
701 297 4718630
584 953 1614094
112 683 8378832
657 85 3638495
982 867 5773676
88 150 1485133
900 50 800304
994 830 2511143
492 210 2139714
30 1 4978111
986 714 1283533
631 966 633730
455 256 8580402
769 801 1082331
591 444 7905345
601 430 1340362
866 813 4530487
923 480 6920069
76 341 833812
871 629 4688297
199 608 5648311
117 280 4929154
261 781 1713375
124 371 2099446
329 662 7038434
765 681 7482637
473 786 9659962
736 172 6515084
787 825 8088940
312 709 9915721
256 170 9894441
880 685 4011657
787 587 1036145
327 513 8724581
825 489 1415026
640 815 8645992
327 649 447825
2 717 2817324
298 517 1984582
484 105 3277623
584 715 1830464
769 361 5104471
796 856 1008350
781 727 4857890
679 565 8610075
409 452 3563398
474 384 2846242
375 163 9894697
117 154 9990397
19 462 628996
423 910 4796048
19 980 7069604
163 465 1695742
4 478 2772387
943 205 2096215
462 148 9688216
860 139 6107954
870 456 562828
373 451 7124543
148 303 5697441
710 759 4470182
560 604 3996605
613 347 8700073
209 495 6326948
34 686 7759027
156 818 2627966
953 925 4111320
375 614 1931585
154 816 7727800
439 922 5999284
509 571 9698345
565 158 2165104
584 190 543966
715 703 9059266
980 618 4584191
72 28 8301671
501 609 9492191
50 308 3055674
621 311 258261
413 126 9220669
640 738 5408085
166 482 3214699
715 69 3326048
2 197 6090195
818 998 428811
462 638 4152914
86 333 1058453
931 702 1906123
738 840 8071099
462 236 4310926
153 895 1476982
19 656 9321521
126 428 4815564
296 429 4446501
279 294 6112842
818 102 113411
549 567 4805721
514 519 7712937
786 93 8932625
703 319 2026895
686 755 2328532
384 773 2124959
880 137 5199446
316 529 3285979
815 418 2768505
734 516 6303287
50 965 5626004
666 674 2033122
717 875 3979746
528 318 5640034
446 320 229112
900 989 9831702
375 471 1863652
48 47 6368796
190 941 3120985
828 412 1566724
869 128 5534903
549 3 5520773
856 120 8474905
866 855 3855702
340 281 9203971
769 399 5474640
209 57 4561708
188 127 8953716
279 145 5627581
256 687 6120366
922 324 2685650
953 259 2389669
629 503 1864119
609 87 7047846
967 211 444825
412 104 5709878
855 70 6061476
480 628 1737561
560 350 9846990
139 80 6602468
418 847 7340522
319 146 9677712
102 149 7333829
418 845 4786344
444 603 6772872
687 493 4896200
154 443 7548019
190 784 2552897
638 405 8741379
347 10 6192379
845 346 5262567
259 735 7323169
691 315 7483048
670 874 7567763
908 524 2602671
674 952 2108342
528 525 5624185
689 433 9640778
426 905 5506757
50 159 6690441
109 758 9327566
601 957 7671150
931 740 8763123
28 742 5981504
965 798 2917217
266 254 3621818
283 11 115386
727 596 5740111
936 192 8361421
117 552 3259853
561 690 1211188
758 376 8703083
444 885 7781667
371 91 965021
986 97 7831733
578 754 2584594
101 238 814180
192 43 6516029
347 996 860784
283 745 9559614
145 877 5230397
341 675 4714169
973 31 331315
192 38 5498764
953 98 7355366
727 191 8223788
455 610 6184314
296 496 6542864
296 559 5607359
128 938 8846788
117 335 5887169
697 392 8504725
38 606 2645109
105 659 207460
348 388 2622151
347 579 4679333
192 164 4093056
973 634 688711
634 459 5837970
188 632 7489335
516 972 3355773
874 215 4911365
334 278 6843582
876 635 2311268
489 992 5169507
172 914 1562813
513 302 3776821
973 616 1685681
659 951 8543787
418 464 9508802
936 183 2976798
283 95 2021758
292 75 8740569
30 20 6349374
1 853 6367655
604 359 7062912
720 771 8678024
722 131 9360669
480 573 9173195
776 594 2282345
509 94 8307079
172 652 7161828
632 328 4395411
525 425 2527406
390 187 134559
573 325 7808470
98 313 6334962
292 546 8036509
11 984 8209722
631 707 8375666
609 182 1297364
308 563 6769637
904 607 84375
517 360 951470
994 14 8787938
384 802 9922050
525 708 2817521
281 879 503690
517 68 8596090
784 377 1412755
980 744 1161430
656 968 7638197
69 138 3887420
197 419 7819256
439 644 7821253
93 718 5752795
654 728 5875184
238 725 5756989
742 84 7901229
206 843 5440421
327 257 6534981
801 326 4721298
832 251 104912
725 844 5928758
638 37 692370
428 615 2796381
563 544 4402617
587 946 8682923
425 345 7045772
616 543 9270026
150 331 6211021
722 919 2981076
707 468 1067166
953 437 8818479
986 655 3102570
347 293 3090682
28 151 6780269
967 906 8614062
679 929 3285533
259 16 3664884
124 527 3718548
236 129 8628037
439 886 9006613
867 854 2304603
98 542 9763768
312 253 1670741
105 780 2905618
238 132 5605760
482 415 5267700
697 505 9862064
552 171 5255834
574 380 1195675
91 220 6145533
109 491 2709125
377 942 5579141
183 665 867587
537 434 2762568
378 116 4226280
316 893 5952812
324 372 4192522
798 165 3227013
158 864 5274500
16 577 8266354
149 918 946026
361 617 9607550
473 586 1702570
839 865 9375786
473 239 9548387
14 676 3920864
871 673 6374869
504 49 8755189
573 78 1171086
5 747 5149289
613 975 2583727
294 435 6742872
360 770 2374216
898 53 3203026
25 819 6633444
219 268 4721480
34 570 7997472
704 481 5580277
350 282 8087951
478 26 3237787
527 8 9610135
4 732 4676705
296 833 6381673
166 795 5799211
302 245 6467053
372 677 4904519
610 694 8659807
474 157 7789619
283 155 6568151
261 611 2189084
516 32 3113520
714 642 6237221
584 494 7940091
722 391 4280311
122 141 8785062
755 310 2691134
68 118 2171492
34 92 7259791
256 680 8632243
839 810 6313635
688 826 2464708
199 440 6942458
237 506 5268955
380 846 779318
187 551 1907636
387 247 6872514
429 436 1975708
727 260 5965025
870 227 6414105
387 882 5167
732 672 3395033
88 794 265587
437 108 8280264
563 24 7597993
426 82 5303720
468 935 7010447
605 993 781810
673 858 3931821
818 778 4281105
225 123 7336705
340 133 1403382
666 696 7690728
825 396 2347110
310 469 847329
860 852 2383029
355 174 3187334
251 193 8112556
75 284 8218337
966 926 2807841
430 461 1440485
833 633 6486731
268 366 6769199
858 887 817695
340 45 9961508
798 167 2591903
296 835 5753455
131 979 8281655
2 285 626376
506 881 8454053
444 300 68099
392 741 246215
527 548 5543240
718 307 4821946
690 894 2133246
297 23 6514957
183 175 5953026
318 814 5532093
391 381 7653721
529 100 6246048
670 246 2126744
124 365 5099741
246 417 7322229
722 872 6654153
278 902 8713291
593 974 2288788
38 228 9183849
50 987 3278139
4 726 7023491
973 550 3280006
720 761 8403812
984 999 1932709
925 716 6363041
141 438 2488974
925 288 997007
340 803 5838319
455 432 1414416
381 643 4629724
989 912 4429297
984 212 2972667
517 403 1237911
596 99 5548889
14 969 8387136
885 291 6924390
446 592 4024443
844 660 919316
95 932 3162223
149 467 7905569
968 523 5060292
438 583 2276673
975 498 5068157
114 276 8797158
801 774 2611106
512 17 7018856
821 485 6896015
464 827 4355777
128 290 7024425
390 945 7489872
831 566 5655878
93 924 946334
419 200 6286232
734 903 7646857
438 59 6728254
581 379 5060907
421 645 7794311
399 960 8208582
571 397 7586341
632 724 675825
129 152 1942593
895 541 336398
801 817 8947233
413 901 259355
75 339 1768866
236 208 4765839
877 364 5011423
516 511 5598237
128 997 2890680
1 486 8485175
333 897 5496385
880 533 1505088
814 555 3626879
495 873 4914304
325 785 6578482
635 530 6363566
965 231 3111276
714 930 3431748
245 790 3200961
151 963 2704714
864 668 9216352
208 884 4211072
291 859 5114510
302 6 9356048
566 959 4958818
130 950 7166550
75 822 8752211
316 834 6291784
601 564 9379483
720 196 7703274
298 224 4920384
482 557 2380139
461 60 3423944
938 9 6205751
895 878 8404443
149 961 6883079
467 964 2824812
432 21 7111281
965 240 710513
394 772 7746701
631 385 9962967
986 441 2664589
872 841 7172449
501 751 3613803
577 402 1323129
260 42 3318152
665 134 7054261
607 497 8399957
173 66 4872217
550 927 6657564
440 531 4056791
266 921 2726593
473 408 8913962
854 848 4964344
77 713 29597
513 232 9900184
772 457 7253156
816 374 2985858
668 241 2445689
951 125 1756753
373 808 1971374
577 488 2102163
132 286 6286677
894 558 2773989
814 518 2414776
455 89 1335175
501 336 6951773
468 624 6495596
904 110 3409796
98 868 3758435
468 630 555757
358 463 3782836
172 507 3637500
385 161 656574
581 823 348820
205 337 1114509
732 782 3530255
966 793 3155642
328 547 7670443
621 752 9681053
536 218 8203743
273 213 6325117
365 622 6321193
886 349 3306136
996 595 43103
495 721 1078208
16 411 9612843
377 62 7645693
952 229 4689407
974 269 3909268
565 309 2169955
366 692 161035
324 719 5622150
539 51 9640681
977 648 7876137
874 450 7629738
498 449 9850231
36 189 3553079
860 71 184410
379 222 490684
790 427 6096554
53 589 6151726
966 590 9507518
326 223 9117121
379 472 2747343
558 783 7131756
528 201 4862068
871 249 228109
874 216 9623807
75 664 1994989
581 909 7526258
155 332 601494
68 746 8742423
628 56 4297588
93 669 835288
786 706 5411303
867 289 3572983
765 962 4195498
130 476 5544862
549 842 3944666
752 711 1179723
583 602 5850842
318 585 3004739
28 739 8013173
469 198 7842704
295 988 6924443
161 671 175920
132 369 7902768
523 135 6454419
827 140 5830958
509 598 7635175
215 115 3190430
441 857 9333848
713 63 7660058
817 422 5417945
926 554 5149007
163 540 7521794
697 824 5960856
598 33 2413591
968 836 2004377
957 7 2725697
105 243 1054016
593 995 7613330
336 625 7385629
427 733 1653819
429 383 3741361
539 985 9730749
979 370 1750307
277 522 6789260
174 695 6164614
559 22 9997887
309 395 7266083
25 948 9626507
128 553 549190
787 214 6424892
879 850 6350396
513 743 4291439
127 756 3404058
313 58 1062999
618 356 4529926
239 252 4116426
953 599 5079591
562 321 9717115
901 623 3448212
578 119 877398
866 508 5381588
812 27 6807139
625 367 826611
14 737 314387
801 650 1640914
45 933 8306986
756 272 9532969
125 304 4925131
736 981 8000410
214 330 8865207
689 363 4095001
152 39 9639185
384 343 8608979
6 928 5976909
853 971 8340561
80 410 9271719
844 144 3026000
45 612 8825909
743 748 5569432
975 896 303254
714 420 3858088
873 475 6671801
905 386 3814063
68 15 5470911
754 682 2208127
602 766 5050615
528 788 2930004
914 54 4199782
595 234 6359401
223 532 5437154
549 40 8129817
819 580 2018095
409 267 4767923
511 890 8865979
34 647 1694415
356 180 9470329
55 750 8486947
980 731 5850864
528 760 7315109
601 729 3168800
386 181 9149639
225 779 7434028
518 749 2759469
160 889 4590733
885 250 7841459
366 956 7419325
22 775 4158965
16 483 8736011
363 389 4211068
395 107 1293045
795 265 9403545
857 820 3060501
151 74 8388443
131 619 6811102
501 357 9997597
319 314 3392763
430 888 9358952
985 991 2272392
696 393 6160447
540 663 7722079
662 106 4409286
872 639 1471052
246 651 8491620
11 258 5100074
767 299 2136557
735 401 5329998
908 352 1321881
783 502 4320285
824 262 912917
813 44 6048813
671 274 3366218
57 777 8004244
291 939 1894280
566 811 8653862
828 351 8819739
209 805 3115284
78 526 812742
290 556 9245059
959 121 307675
853 658 3088888
128 147 658194
938 535 8385489
725 597 9234791
351 179 4261244
846 789 6746237
876 600 2410170
848 947 1318055
256 990 2903068
352 221 4485558
462 79 7416425
269 693 8643980
549 96 6267462
484 143 713702
929 230 544353
48 317 1094575
752 81 4607092
923 678 4127858
137 569 814994
17 203 7583421
702 809 3271419
251 792 2646711
554 899 2899200
845 479 455845
50 762 5097969
985 568 92581
835 520 6893325
568 863 7135361
300 301 7692879
60 65 6128854
488 806 4592787
685 176 7524875
476 970 9211241
731 705 7404946
513 305 1859178
557 477 5479631
355 178 7485753
332 142 4236464
370 13 4922807
176 954 1164685
949 338 409477
278 937 4316606
171 264 2390378
87 194 1567022
560 829 9560025
15 162 2641430
900 515 1009481
196 849 9378342
391 699 3391459
998 169 464988
341 111 2224854
989 958 8497860
770 442 961524
806 177 6412258
496 248 64669
495 907 2041067
105 976 5312967
124 723 2804112
573 799 8657745
888 73 7036546
463 764 1201798
673 353 5339236
471 636 9245530
14 244 5703820
318 416 8468087
541 911 1464104
142 342 1147712
786 620 6515952
276 406 9867546
841 700 8635741
710 983 6733978
100 534 4341996
2 83 3021314
737 667 9457816
621 807 8213135
446 944 2046882
439 698 8970265
672 500 2677355
381 263 259341
88 626 5887400
649 521 6316274
676 382 7721278
754 460 9690848
374 458 6731570
341 637 621397
770 255 1134040
816 354 4473725
461 572 5762542
443 271 9662354
329 233 5286050
444 757 8023141
264 447 4997551
773 582 8520506
474 431 6913486
982 275 2738783
191 646 3829109
205 195 7737010
61 414 1720935
746 424 4652876
167 851 8485371
816 306 4428883
376 545 9985460
303 67 5644433
963 684 2077370
844 490 8493654
940 235 4778088
816 920 1249842
21 510 1726305
951 753 5260880
544 791 5493610
208 466 6265231
22 64 4982457
909 768 3860650
238 185 7226578
229 1000 9224608
410 217 8229115
138 168 2543348
497 270 6129829
69 861 3436039
461 103 5689818
194 407 9884668
71 653 9510284
17 627 9276534
191 404 6728499
188 838 4979339
298 797 1135221
592 90 3651327
688 12 8527470
125 470 3169550
475 323 9465842
527 35 1824021
308 287 2029320
373 186 6423436
39 862 9231011
395 661 4887386
609 398 6873441
307 641 8945464
303 344 5303677
755 408 2294941
815 325 1865121
490 467 5354236
254 854 3371050
558 827 6706720
471 878 5104787
733 110 7673899
588 531 2181651
71 733 5551070
950 190 2246828
820 472 7160684
621 10 8154729
512 211 2704896
526 23 6248490
122 849 1026560
606 22 8496803
239 167 8255663
207 779 7279444
978 693 184588
560 925 6254304
827 40 4488982
335 772 2982472
302 693 8450645
524 252 9814903
252 86 3370761
340 743 3856809
632 930 6885747
331 472 9599565
987 221 4076175
823 844 6698776
114 303 2673606
815 121 1498096
930 450 6903015
87 15 6854642
866 818 6774037
41 168 5793821
201 828 1887567
336 965 9525267
818 741 4359019
780 48 6045198
763 782 9038325
395 51 8930863
551 110 1817962
225 886 1217491
139 769 701278
906 984 3193035
861 815 3908175
440 491 3756680
672 284 1949215
279 286 7059788
894 53 5085937
446 230 6046540
20 777 4788841
399 973 9848174
896 516 4159230
139 491 3454835
304 144 9250280
712 870 1021770
36 485 7233215
837 901 3638312
77 412 3891189
998 109 5767990
996 80 3506190
368 221 9279584
18 409 6873404
322 943 8285336
256 764 7366491
731 958 8293973
163 299 2530988
224 794 7250053
358 746 1398333
478 192 730908
184 210 5350256
96 801 7994219
619 17 6998245
502 954 5931077
896 819 7012009
451 631 8790949
201 684 6840767
533 560 2633965
75 745 4292913
147 687 1772901
720 472 5837100
734 785 6843255
962 232 6569764
435 589 7061922
162 569 5103056
515 665 9114457
895 325 9617310
103 772 5666844
711 875 2177661
731 343 7884623
187 770 1268260
776 513 1853762
739 943 2068966
576 994 1990137
247 15 4703099
38 473 498810
348 717 4753607
47 35 4846553
255 47 5517609
196 416 3786488
909 352 5345389
614 747 6231945
751 13 4407174
120 594 7409393
904 452 4635417
705 839 1235255
374 338 3219597
918 276 3042277
353 539 3827311
367 333 4465038
278 602 1780348
301 217 2266483
780 541 89246
955 373 1655338
636 285 7712208
710 632 6057405
979 217 771935
973 241 8577331
286 778 4323076
770 898 7428225
483 20 8423961
774 300 9339988
577 505 7549590
385 507 5399394
672 301 6888394
715 70 6225934
333 207 6637874
378 181 1222969
147 929 3412842
82 109 3811389
620 697 2960595
77 726 4501719
505 784 4733216
354 997 7700153
36 517 9020667
960 67 5815929
612 688 9638301
797 372 2629952
777 914 6317649
255 567 4004156
316 163 7559908
563 981 7193426
206 806 4731823
38 116 7760814
289 343 859873
359 23 7455227
110 978 3200106
825 159 4805452
306 57 6665324
495 697 923139
711 528 8506368
683 429 1130582
371 571 2374545
8 675 8940893
484 807 9990567
341 71 4043035
651 518 8147909
113 685 7836222
168 498 3884703
712 825 2273363
989 653 1383289
389 287 8420124
145 805 3081916
123 324 9492750
19 162 1255543
150 350 2025938
401 6 7915244
809 294 2393644
752 946 2274378
932 147 6195782
606 770 8628564
744 756 5179507
151 444 3615748
725 261 8212355
492 46 9859498
294 489 1542299
661 437 4297299
778 748 3987199
773 688 2200373
12 990 306886
282 33 4178698
356 989 8519578
555 384 2456975
359 309 261189
684 610 3838426
554 389 8372512
342 26 5352740
216 527 2858685
231 550 2997319
888 559 6432081
385 241 4058360
183 280 1196639
763 429 1784532
973 618 6519331
798 317 6398216
360 223 1724481
67 765 9981939
317 69 8519001
666 70 6543701
860 41 2814768
357 1000 2211703
215 647 593044
244 931 1397058
14 978 2872015
574 7 8471397
940 231 7627895
725 241 8830584
349 781 336916
468 394 6894203
203 36 3837334
881 373 5316593
926 110 9714178
846 177 4110444
477 326 237719
485 358 8575747
643 907 8452981
513 297 104023
638 803 6997676
590 429 3572247
836 776 7626272
999 220 4057566
898 101 1037356
915 477 9205393
689 943 566783
965 229 8646864
481 990 2344683
603 719 8630744
186 699 350655
809 769 8103182
922 926 2997275
106 892 1706072
175 402 8789776
573 587 2781109
960 330 8402482
357 979 9285652
54 336 5407765
499 21 5638795
138 645 7447031
82 851 2865124
599 681 2072824
997 471 472831
355 33 5050039
260 397 9673742
374 148 1091947
848 210 4587482
421 646 5073635
637 385 6717826
10 426 3569586
746 32 2952415
874 495 954752
813 872 9307929
139 313 1173176
829 518 9921759
41 441 9867231
882 1000 3195925
768 637 2562908
825 436 296678
363 295 6746831
628 52 57809
86 306 6922777
44 626 8248124
561 102 1708270
89 461 1692034
338 276 1143224
339 448 1525441
688 341 4089486
398 424 1481133
979 295 7315356
818 992 7826272
941 599 2554630
517 824 2182015
579 789 7503971
52 726 9659512
686 420 8824678
962 99 3396939
461 717 3297910
149 556 5501618
13 711 3836810
934 253 6384736
593 621 7824774
671 55 5100833
963 523 8391410
187 910 2720953
891 827 1386955
61 233 8594333
907 973 6500695
787 55 5984044
799 400 6001310
513 35 301408
19 480 6721744
432 470 5510560
818 165 2185665
338 407 3984681
789 637 8888153
798 288 6439993
299 50 7629912
326 334 462781
31 389 6262016
333 287 5116695
797 558 5756423
945 453 4785318
24 334 2277224
339 723 7218584
192 470 8849780
620 169 7159055
152 403 4412091
116 523 9325761
706 63 6561548
873 565 3116808
937 63 10911
439 318 4905565
798 412 906474
141 214 5776031
972 289 4941106
920 250 7742937
690 450 6617962
325 326 5839654
362 227 501630
41 912 7839867
974 65 7196834
363 743 4601075
300 901 4081260
411 556 1220553
689 958 5254351
276 762 1028390
38 847 5971545
875 258 7362314
785 637 5131809
269 27 1066121
910 571 3795318
972 612 7699309
949 830 1995131
726 842 4631904
640 5 1601935
939 353 4393380
280 330 8268958
647 422 4675396
308 295 6087871
842 334 1832316
616 339 8750194
531 318 3483845
456 281 3054463
44 25 2676956
904 692 2280021
108 296 7037210
840 730 5884290
818 260 8697119
408 373 6231851
779 597 5368373
89 928 9087305
854 172 1758952
975 752 7546597
683 370 4693757
705 541 7854937
932 203 9848521
828 70 4853331
673 414 7887288
938 84 5284843
658 915 7337790
281 883 3265050
313 142 3021896
299 373 7217867
735 848 2050077
560 855 5502187
304 724 4863000
790 257 3283628
597 836 1460975
605 344 6881542
97 225 7511227
512 943 5528702
960 169 6436574
744 715 2661578
707 91 9034233
578 973 7338287
976 565 6459389
584 532 1692771
474 219 4191415
951 415 1663241
42 398 6510403
751 297 9395895
921 424 833719
392 165 8853418
545 761 9697250
794 991 5122116
776 284 9041951
278 583 4386873
318 509 9259400
669 472 1218825
922 585 3177914
69 973 5912217
342 27 4976124
453 105 4178449
174 679 5053639
87 101 5965702
424 515 287787
128 219 8140536
417 831 2408286
382 611 6125116
469 988 8881988
249 745 9475493
531 9 6408429
753 958 1313027
933 445 9119627
929 911 1216811
601 527 1175714
495 538 3542572
835 536 9452334
187 964 3808600
818 306 3449288
43 345 428345
554 396 9392904
165 109 688935
898 597 6305710
81 341 3051236
172 294 23720
212 914 8052931
476 792 7840622
296 195 1661303
849 369 3991913
318 934 6532893
425 976 1543380
387 873 2056235
815 430 9630010
647 991 5093679
925 235 6478504
745 271 3312055
346 470 6962393
170 908 2807264
822 308 748673
609 877 243961
805 418 6138839
369 877 3361436
252 657 8549266
695 990 89128
318 787 6068300
594 649 9601876
719 778 6514809
223 516 5814289
374 993 9321027
778 49 6389053
164 204 6636661
927 690 8022240
66 613 6347862
115 723 9914441
818 406 8555428
741 993 873240
11 115 9979252
797 681 309169
717 187 8673232
336 381 3310518
565 586 239704
857 716 6562664
706 123 2841432
305 678 5035356
167 957 6938224
294 231 3094672
364 869 7945896
326 465 5548188
607 759 1834554
144 168 4710280
806 22 627759
199 140 422273
606 665 2859135
670 682 636225
378 407 5869959
278 104 4607759
160 929 3418702
10 242 4725426
859 33 6202936
528 941 6209174
856 829 4690578
241 808 8337922
165 93 1335868
240 777 4787457
55 383 2047615
538 637 6591613
259 287 4608555
540 784 8502633
818 642 7954461
188 362 9630742
346 732 9391738
227 349 5281503
478 31 9609409
905 144 5020687
879 352 9605494
482 913 4395280
171 323 5474615
977 937 5130578
787 78 3414279
680 230 227707
563 270 3503283
64 914 1193331
706 145 7729619
464 57 9312901
509 484 6203684
408 715 4331247
187 143 3408988
